0 0.18046875 0.5203125 0.13125 0.075
0 0.1453125 0.29453125 0.1640625 0.1
0 0.32734375 0.10234375 0.134375 0.0796875
0 0.47578125 0.32421875 0.140625 0.08125
0 0.65546875 0.1609375 0.103125 0.071875
0 0.771875 0.4140625 0.1203125 0.071875
0 0.81796875 0.45703125 0.1125 0.078125
0 0.81328125 0.59296875 0.115625 0.084375
0 0.6296875 0.8625 0.1296875 0.08125
0 0.515625 0.7640625 0.1359375 0.090625
0 0.5421875 0.84296875 0.1015625 0.06875
0 0.35234375 0.44453125 0.15625 0.084375
0 0.54453125 0.38984375 0.11875 0.0625
0 0.6046875 0.27734375 0.128125 0.05625
0 0.60625 0.3125 0.13125 0.06875